Model with 10 epochs:

TP: 310
FP: 160
FN: 154
F: 0.6638115631691649
Precision: 0.6595744680851063
Recal: 0.6681034482758621

model for 40 epochs, better is 19:
TP: 298
FP: 98
FN: 166
F: 0.6930232558139535
Precision: 0.7525252525252525
Recal: 0.6422413793103449


multiLSTM_40 epochs_ better 39
TP: 358
FP: 175
FN: 106
F: 0.7181544633901705
Precision: 0.6716697936210131
Recal: 0.771551724137931