
Mini-Batch model with 20 epochs:
TP: 397
FP: 87
FN: 67
F: 0.8375527426160337
Precision: 0.8202479338842975
Recal: 0.8556034482758621

Mini-Batch model with 10 epochs:
TP: 287
FP: 55
FN: 177
F: 0.7121588089330024
Precision: 0.8391812865497076
Recal: 0.6185344827586207



