Model with 10 epochs:

TP: 310
FP: 160
FN: 154
F: 0.6638115631691649
Precision: 0.6595744680851063
Recal: 0.6681034482758621
