Model with 10 epochs:

TP: 306
FP: 169
FN: 158
F: 0.6517571884984026
Precision: 0.6442105263157895
Recal: 0.6594827586206896

